# CuAr Line List: 5500A-10000A
# units Angstroms
5506.1128
5514.376
5519.3436
5524.957
5545.0495
5558.702
5572.5413
5577.6845
5581.8714
5588.72
5597.4756
5601.1216
5606.733
5625.6782
5641.3751
5648.6863
5650.7043
5654.4566
5659.1272
5681.9001
5691.6612
5700.24  CuI
5704.3764
5739.5196
5743.2755
5756.5983
5772.1143
5774.0087
5782.132  CuI
5783.536
5786.5553
5802.0798
5812.7592
5822.1291
5828.0739
5834.2633
5843.7775
5860.3103
5882.6242
5888.5841
5912.0853
5916.5992
5927.1258
5928.813
5942.6686
5949.2583
5964.4723
5968.3199
5971.6008
5981.9239
5987.3016
5998.9987
6005.7242
6013.6777
6025.15
6032.1274
6043.2233
6046.8977
6052.7229
6059.3725
6064.7508
6081.2433
6085.8797
6090.7848
6098.8031
6101.1615
6103.539
6105.6351
6113.4657
6114.9234
6119.6565
6123.3619
6127.416
6138.6559
6145.4411
6155.2385
6165.1232
6170.174
6172.2778
6187.135
6201.1002
6212.5031
6215.9383
6230.9216
6239.7121
6243.1201
6248.4055
6278.6453  
6296.8722  
6307.657  
6324.4163  
6348.2321  
6364.8937  
6369.5748  
6375.9549  
6384.7169  
6388.3396  
6396.6097  
6399.2065  
6403.0128  
6408.9035  
6416.3071  
6422.8969  
6431.555  
6437.6003  
6441.8994  
6443.8598  
6466.5526  
6483.0825  
6538.112  
6604.8534  
6643.6976  
6660.6761  
6664.051  
6677.2817  
6684.2929  
6719.2184  
6752.8335  
6766.6117  
6827.2488  
6861.2688  
6871.2891  
6879.5824  
6888.1742  
6925.0094  
6937.6642  
6951.4776  
6965.4307  
6992.2126  
7030.2514  
7067.2181  
7086.7044  
7107.4778  
7125.82  
7147.0416  
7158.8387  
7206.9804  
7229.9386  
7233.5365  
7265.1724  
7272.9359  
7285.4437  
7311.7159  
7316.005  
7353.293  
7372.1184  
7383.9805  
7392.9801  
7412.3368
7425.2942  
7471.1641  
7484.3267  
7503.8691  
7514.6518  
7618.3443  
7635.106  
7704.8169  
7724.2072  
7798.5604  
7814.323  
7861.91  
7891.075  
7916.442  
7948.1764  
8006.1567  
8014.7857  
8037.2183  
8046.1169  
8053.3085  
8103.6931  
8115.311  
8203.4352  
8264.5225  
8384.724
8408.2096  
8424.6475  
8490.3065  
8521.4422  
8605.7762  
8620.4602  
8667.9442  
8678.4083  
8761.6862  
8771.8602  
8784.5563  
8799.0875  
8905.6581  
8962.1468  
9008.4636  
9017.5912  
9122.9674  
9194.6385  
9224.4992  
9291.5313  
9354.2198  
9508.4513  
9657.7863  
9784.5028  
9854.26  CuII
9906.3907  
