# units Angstroms
3491.2900
3514.3877
3545.7370
3576.6156
3588.4407
3765.5054
3888.6460
4072.0046
4103.9121
4131.7236
4158.5903
4200.6743
4228.1582
4259.3618
4277.5283
4300.1011
4333.5610
4348.0640
4400.9863
4471.4790
4510.7334
4545.0518
4579.3496
4589.8979
4609.5674
4657.9014
4726.9102
4735.9058
4764.8647
4806.0205
4847.8096
4879.8633
4965.0796
5015.6797
5047.7378
5090.4951
5162.2847
5187.7461
5221.2710
5451.6519
5495.8740
5558.7021
5572.5415
5606.7329
5650.7036
5739.5195
5875.6211
5912.0854
5928.8130
5987.3018
6032.1274
6043.2231
6059.3726
6105.6353
6114.9233
6172.2778
6212.5029
6296.87
6307.66
6369.57
6384.72
6416.31
6483.08
6643.70
6678.1509
6752.8335
6871.2891
6937.66
6965.4307
7030.25
7065.19
7147.04
7206.98
7272.94
7281.35
7311.72
7353.29
7372.12
7383.98
7435.37
