# units Angstroms
4200.6743
4228.1582
4259.3618
4277.5283
4300.1011
4333.5610
4348.0640
4400.9863
4471.4790
4510.7334
4545.0518
4579.3496
4589.8979
4609.5674
4628.4409
4637.2329
4657.9014
4713.1455
4726.9102
4735.9058
4764.8647
4806.0205
4847.8096
4879.8633
4921.9312
4965.0796
5015.6797
5047.7378
5090.4951
5162.2847
5187.7461
5221.2710
5451.6519
5495.8740
5558.7021
5572.5415
5606.7329
5650.7036
5739.5195
5875.6211
5912.0854
5928.8130
5987.3018
6032.1274
6043.2231
6059.3726
6105.6353
6114.9233
6145.4409
6172.2778
6212.5029

